1.65

1.65

1.65

1.65

1.65

1.65

1.65

1.65

1.65

1.65

1.65

1.65

1.65

1.65

1.65

1.65

1.65

1.65

1.65

3.95

6.35

6.25

5.20

5.20

5.20

5.87

6.15

4.91

3.95

3.28

2.80

2.52

2.32

2.13

1.94

1.85

1.65

1.65

1.56

1.56

1.56

1.46

1.37

1.37

1.37

1.37

1.27

1.27

1.18

1.18

1.18

1.18

1.08

1.08

1.08

1.08

1.08

1.08

0.98

1.08

0.98

0.98

0.98

0.98

0.98

0.98

0.98

0.98

0.98

0.89

0.89

0.89

0.89

0.89

0.89

0.79

0.79

0.79

0.79

0.79

0.79

0.79

0.79

0.79

0.70

0.79

0.70

0.79

0.70

0.79

0.79

0.79

0.79

0.70

0.79

0.70

0.70

0.70

0.70

0.70

0.70

0.60

0.70

0.60

0.60

0.60

0.60

0.60

0.60

0.60

0.60

0.60

0.60

0.60

0.60

0.60

0.60

0.51

0.51

0.51

0.51

0.51

0.51

0.51

0.41

0.41

0.41

0.41

0.41

0.41

0.41

0.41

0.41

0.41

0.41

0.41

0.41

0.41

0.41

0.41

0.31

0.31

0.31

0.31

0.41

0.31

0.31

0.31

0.31

0.31

0.31

0.31

0.31

0.31

0.31

0.31

0.31

0.31

0.31

0.31

0.31

0.31

0.31

0.31

0.22

0.22

0.22

0.22

0.22

0.22

0.22

0.22

0.22

