19.34

18.85

19.34

19.34

19.34

19.82

18.85

18.85

19.34

19.34

18.85

17.38

18.36

18.85

17.87

18.85

18.85

18.85

18.36

18.85

18.85

19.34

19.34

18.85

19.82

19.82

19.34

19.34

19.34

19.34

19.34

19.34

18.85

18.85

19.34

18.36

18.85

18.36

18.36

18.85

18.36

18.36

18.36

18.85

18.36

18.36

18.36

18.36

18.36

18.36

17.87

17.87

18.36

18.36

18.36

17.87

18.36

18.85

17.87

18.36

18.85

17.87

18.36

18.36

18.36

18.36

18.36

18.85

17.87

17.87

18.36

18.36

17.87

17.87

18.36

17.87

17.87

18.36

17.87

17.87

17.87

17.87

17.87

17.87

17.87

17.38

17.87

17.87

17.87

17.87

17.87

18.36

17.87

17.87

18.36

17.38

17.87

17.87

17.87

18.85

18.85

17.87

17.87

17.87

17.38

18.85

18.36

18.85

17.87

17.38

17.87

17.38

17.38

17.38

17.38

17.87

17.87

17.87

17.38

17.87

17.38

17.87

16.89

17.38

18.36

17.38

17.87

17.38

17.38

17.87

16.41

17.38

17.38

17.87

17.38

16.89

17.38

18.85

17.38

17.38

17.38

17.38

17.87

16.89

17.38

17.38

17.87

17.38

17.38

17.38

17.87

16.41

16.89

17.38

17.38

16.41

17.38

16.89

17.38

18.85

17.38

16.89

17.87

17.38

16.89

16.89

16.89

17.38

18.36

17.87

16.41

16.89

16.89

16.89

